8237 1
1
4
7
10
13
16
19
22
25
28
31
34
37
40
43
46
49
52
55
58
61
64
67
70
73
76
79
82
85
88
91
94
97
100
103
106
109
112
115
118
121
123
126
129
132
135
138
141
144
147
150
153
156
159
162
165
168
171
174
177
180
183
186
189
192
195
198
201
204
207
210
213
216
219
222
225
228
231
234
237
240
243
245
248
251
254
257
260
263
266
269
272
275
278
281
284
287
290
293
296
299
302
305
308
311
314
317
320
323
326
329
332
335
338
341
344
347
350
353
356
359
362
365
367
370
373
376
379
382
385
388
391
394
397
400
403
406
409
412
415
418
421
424
427
430
433
436
439
442
445
448
451
454
457
460
463
466
469
472
475
478
481
484
487
489
492
495
498
501
504
507
510
513
516
519
522
525
528
531
534
537
540
543
546
549
552
555
558
561
564
567
570
573
576
579
582
585
588
591
594
597
600
603
606
609
611
614
617
620
623
626
629
632
635
638
641
644
647
650
653
656
659
662
665
668
671
674
677
680
683
686
689
692
695
698
701
704
707
710
713
716
719
722
725
728
731
733
736
739
742
745
748
751
754
757
760
763
766
769
772
775
778
781
784
787
790
793
796
799
802
805
808
811
814
817
820
823
826
829
832
835
838
841
844
847
850
853
855
858
861
864
867
870
873
876
879
882
885
888
891
894
897
900
903
906
909
912
915
918
921
924
927
930
933
936
939
942
945
948
951
954
957
960
963
966
969
972
975
977
980
983
986
989
992
995
998
1001
1004
1007
1010
1013
1016
1019
1022
1025
1028
1031
1034
1037
1040
1043
1046
1049
1052
1055
1058
1061
1064
1067
1070
1073
1076
1079
1082
1085
1088
1091
1094
1097
1099
1102
1105
1108
1111
1114
1117
1120
1123
1126
1129
1132
1135
1138
1141
1144
1147
1150
1153
1156
1159
1162
1165
1168
1171
1174
1177
1180
1183
1186
1189
1192
1195
1198
1201
1204
1207
1210
1213
1216
1219
1221
1224
1227
1230
1233
1236
1239
1242
1245
1248
1251
1254
1257
1260
1263
1266
1269
1272
1275
1278
1281
1284
1287
1290
1293
1296
1299
1302
1305
1308
1311
1314
1317
1320
1323
1326
1329
1332
1335
1338
1341
1343
1346
1349
1352
1355
1358
1361
1364
1367
1370
1373
1376
1379
1382
1385
1388
1391
1394
1397
1400
1403
1406
1409
1412
1415
1418
1421
1424
1427
1430
1433
1436
1439
1442
1445
1448
1451
1454
1457
1460
1463
1465
1468
1471
1474
1477
1480
1483
1486
1489
1492
1495
1498
1501
1504
1507
1510
1513
1516
1519
1522
1525
1528
1531
1534
1537
1540
1543
1546
1549
1552
1555
1558
1561
1564
1567
1570
1573
1576
1579
1582
1585
1587
1590
1593
1596
1599
1602
1605
1608
1611
1614
1617
1620
1623
1626
1629
1632
1635
1638
1641
1644
1647
1650
1653
1656
1659
1662
1665
1668
1671
1674
1677
1680
1683
1686
1689
1692
1695
1698
1701
1704
1707
1709
1712
1715
1718
1721
1724
1727
1730
1733
1736
1739
1742
1745
1748
1751
1754
1757
1760
1763
1766
1769
1772
1775
1778
1781
1784
1787
1790
1793
1796
1799
1802
1805
1808
1811
1814
1817
1820
1823
1826
1829
1831
1834
1837
1840
1843
1846
1849
1852
1855
1858
1861
1864
1867
1870
1873
1876
1879
1882
1885
1888
1891
1894
1897
1900
1903
1906
1909
1912
1915
1918
1921
1924
1927
1930
1933
1936
1939
1942
1945
1948
1951
1953
1956
1959
1962
1965
1968
1971
1974
1977
1980
1983
1986
1989
1992
1995
1998
2001
2004
2007
2010
2013
2016
2019
2022
2025
2028
2031
2034
2037
2040
2043
2046
2049
2052
2055
2058
2061
2064
2067
2070
2073
2075
2078
2081
2084
2087
2090
2093
2096
2099
2102
2105
2108
2111
2114
2117
2120
2123
2126
2129
2132
2135
2138
2141
2144
2147
2150
2153
2156
2159
2162
2165
2168
2171
2174
2177
2180
2183
2186
2189
2192
2195
2197
2200
2203
2206
2209
2212
2215
2218
2221
2224
2227
2230
2233
2236
2239
2242
2245
2248
2251
2254
2257
2260
2263
2266
2269
2272
2275
2278
2281
2284
2287
2290
2293
2296
2299
2302
2305
2308
2311
2314
2317
2319
2322
2325
2328
2331
2334
2337
2340
2343
2346
2349
2352
2355
2358
2361
2364
2367
2370
2373
2376
2379
2381
2384
2387
2390
2393
2396
2399
2402
2405
2408
2411
2414
2417
2420
2423
2426
2429
2432
2435
2438
2440
2443
2446
2449
2452
2455
2458
2461
2464
2467
2470
2473
2476
2479
2482
2485
2488
2491
2494
2497
2499
2502
2505
2508
2511
2514
2517
2520
2523
2526
2529
2532
2535
2538
2541
2544
2547
2550
2553
2556
2558
2561
2564
2567
2570
2573
2576
2579
2582
2585
2588
2591
2594
2597
2600
2603
2606
2609
2612
2615
2618
2621
2624
2627
2630
2633
2636
2639
2642
2645
2648
2651
2654
2657
2660
2663
2666
2669
2672
2675
2678
2680
2683
2686
2689
2692
2695
2698
2701
2704
2707
2710
2713
2716
2719
2722
2725
2728
2731
2734
2737
2740
2743
2746
2749
2752
2755
2758
2761
2764
2767
2770
2773
2776
2779
2782
2785
2788
2791
2794
2797
2800
2802
2805
2808
2811
2814
2817
2820
2823
2826
2829
2832
2835
2838
2841
2844
2847
2850
2853
2856
2859
2862
2865
2868
2871
2874
2877
2880
2883
2886
2889
2892
2895
2898
2901
2904
2907
2910
2913
2916
2919
2922
2924
2927
2930
2933
2936
2939
2942
2945
2948
2951
2954
2957
2960
2963
2966
2969
2972
2975
2978
2981
2984
2987
2990
2993
2996
2999
3002
3005
3008
3011
3014
3017
3020
3023
3026
3029
3032
3035
3038
3041
3044
3046
3049
3052
3055
3058
3061
3064
3067
3070
3073
3076
3079
3082
3085
3088
3091
3094
3097
3100
3103
3106
3109
3112
3115
3118
3121
3124
3127
3130
3133
3136
3139
3142
3145
3148
3151
3154
3157
3160
3163
3166
3168
3171
3174
3177
3180
3183
3186
3189
3192
3195
3198
3201
3204
3207
3210
3213
3216
3219
3222
3225
3228
3231
3234
3237
3240
3243
3246
3249
3252
3255
3258
3261
3264
3267
3270
3273
3276
3279
3282
3285
3288
3290
3293
3296
3299
3302
3305
3308
3311
3314
3317
3320
3323
3326
3329
3332
3335
3338
3341
3344
3347
3350
3353
3356
3359
3362
3365
3368
3371
3374
3377
3380
3383
3386
3389
3392
3395
3398
3401
3404
3407
3410
3412
3415
3418
3421
3424
3427
3430
3433
3436
3439
3442
3445
3448
3451
3454
3457
3460
3463
3466
3469
3472
3475
3478
3481
3484
3487
3490
3493
3496
3499
3502
3505
3508
3511
3514
3517
3520
3523
3526
3529
3532
3534
3537
3540
3543
3546
3549
3552
3555
3558
3561
3564
3567
3570
3573
3576
3579
3582
3585
3588
3591
3594
3597
3600
3603
3606
3609
3612
3615
3618
3621
3624
3627
3630
3633
3636
3639
3642
3645
3648
3651
3654
3656
3659
3662
3665
3668
3671
3674
3677
3680
3683
3686
3689
3692
3695
3698
3701
3704
3707
3710
3713
3716
3719
3722
3725
3728
3731
3734
3737
3740
3743
3746
3749
3752
3755
3758
3761
3764
3767
3770
3773
3776
3778
3781
3784
3787
3790
3793
3796
3799
3802
3805
3808
3811
3814
3817
3820
3823
3826
3829
3832
3835
3838
3841
3844
3847
3850
3853
3856
3859
3862
3865
3868
3871
3874
3877
3880
3883
3886
3889
3892
3895
3898
3900
3903
3906
3909
3912
3915
3918
3921
3924
3927
3930
3933
3936
3939
3942
3945
3948
3951
3954
3957
3960
3963
3966
3969
3972
3975
3978
3981
3984
3987
3990
3993
3996
3999
4002
4005
4008
4011
4014
4017
4020
4022
4025
4028
4031
4034
4037
4040
4043
4046
4049
4052
4055
4058
4061
4064
4067
4070
4073
4076
4079
4082
4085
4088
4091
4094
4097
4100
4103
4106
4109
4112
4115
4118
4121
4124
4127
4130
4133
4136
4139
4142
4144
4147
4150
4153
4156
4159
4162
4165
4168
4171
4174
4177
4180
4183
4186
4189
4192
4195
4198
4201
4204
4207
4210
4213
4216
4219
4222
4225
4228
4231
4234
4237
4240
4243
4246
4249
4252
4255
4258
4261
4264
4266
4269
4272
4275
4278
4281
4284
4287
4290
4293
4296
4299
4302
4305
4308
4311
4314
4317
4320
4323
4326
4329
4332
4335
4338
4341
4344
4347
4350
4353
4356
4359
4362
4365
4368
4371
4374
4377
4380
4383
4386
4388
4391
4394
4397
4400
4403
4406
4409
4412
4415
4418
4421
4424
4427
4430
4433
4436
4439
4442
4445
4448
4451
4454
4457
4460
4463
4466
4469
4472
4475
4478
4481
4484
4487
4490
4493
4496
4499
4502
4505
4508
4510
4513
4516
4519
4522
4525
4528
4531
4534
4537
4540
4543
4546
4549
4552
4555
4558
4561
4564
4567
4570
4573
4576
4579
4582
4585
4588
4591
4594
4597
4600
4603
4606
4609
4612
4615
4618
4621
4624
4627
4630
4632
4635
4638
4641
4644
4647
4650
4653
4656
4659
4662
4665
4668
4671
4674
4677
4680
4683
4686
4689
4692
4695
4698
4701
4704
4707
4710
4713
4716
4719
4722
4725
4728
4731
4734
4737
4740
4743
4746
4749
4752
4754
4757
4760
4763
4766
4769
4772
4775
4778
4781
4784
4787
4790
4793
4796
4799
4802
4805
4808
4811
4814
4817
4820
4823
4826
4829
4832
4835
4838
4841
4844
4847
4850
4853
4856
4859
4862
4865
4868
4871
4874
4876
4879
4882
4885
4888
4891
4894
4897
4900
4903
4906
4909
4912
4915
4918
4921
4924
4927
4930
4933
4936
4939
4942
4945
4948
4951
4954
4957
4960
4963
4966
4969
4972
4975
4978
4981
4984
4987
4990
4993
4996
4998
5001
5004
5007
5010
5013
5016
5019
5022
5025
5028
5031
5034
5037
5040
5043
5046
5049
5052
5055
5058
5061
5064
5067
5070
5073
5076
5079
5082
5085
5088
5091
5094
5097
5100
5103
5106
5109
5112
5115
5118
5120
5123
5126
5129
5132
5135
5138
5141
5144
5147
5150
5153
5156
5159
5162
5165
5168
5171
5174
5177
5180
5183
5186
5189
5192
5195
5198
5201
5204
5207
5210
5213
5216
5219
5222
5225
5228
5231
5234
5237
5240
5242
5245
5248
5251
5254
5257
5260
5263
5266
5269
5272
5275
5278
5281
5284
5287
5290
5293
5296
5299
5302
5305
5308
5311
5314
5317
5320
5323
5326
5329
5332
5335
5338
5341
5344
5347
5350
5353
5356
5359
5362
5364
5367
5370
5373
5376
5379
5382
5385
5388
5391
5394
5397
5400
5403
5406
5409
5412
5415
5418
5421
5424
5427
5430
5433
5436
5439
5442
5445
5448
5451
5454
5457
5460
5463
5466
5469
5472
5475
5478
5481
5484
5486
5489
5492
5495
5498
5501
5504
5507
5510
5513
5516
5519
5522
5525
5528
5531
5534
5537
5540
5543
5546
5549
5552
5555
5558
5561
5564
5567
5570
5573
5576
5579
5582
5585
5588
5591
5594
5597
5600
5603
5606
5608
5611
5614
5617
5620
5623
5626
5629
5632
5635
5638
5641
5644
5647
5650
5653
5656
5659
5662
5665
5668
5671
5674
5677
5680
5683
5686
5689
5692
5695
5698
5701
5704
5707
5710
5713
5716
5719
5722
5725
5728
5730
5733
5736
5739
5742
5745
5748
5751
5754
5757
5760
5763
5766
5769
5772
5775
5778
5781
5784
5787
5790
5793
5796
5799
5802
5805
5808
5811
5814
5817
5820
5823
5826
5829
5832
5835
5838
5841
5844
5847
5850
5852
5855
5858
5861
5864
5867
5870
5873
5876
5879
5882
5885
5888
5891
5894
5897
5900
5903
5906
5909
5912
5915
5918
5921
5924
5927
5930
5933
5936
5939
5942
5945
5948
5951
5954
5957
5960
5963
5966
5969
5972
5974
5977
5980
5983
5986
5989
5992
5995
5998
6001
6004
6007
6010
6013
6016
6019
6022
6025
6028
6031
6034
6037
6040
6043
6046
6049
6052
6055
6058
6061
6064
6067
6070
6073
6076
6079
6082
6085
6088
6091
6094
6096
6099
6102
6105
6108
6111
6114
6117
6120
6123
6126
6129
6132
6135
6138
6141
6144
6147
6150
6153
6156
6159
6162
6165
6168
6171
6174
6177
6180
6183
6186
6189
6192
6195
6198
6201
6204
6207
6210
6213
6216
6218
6221
6224
6227
6230
6233
6236
6239
6242
6245
6248
6251
6254
6257
6260
6263
6266
6269
6272
6275
6278
6281
6284
6287
6290
6293
6296
6299
6302
6305
6308
6311
6314
6317
6320
6323
6326
6329
6332
6335
6338
6340
6343
6346
6349
6352
6355
6358
6361
6364
6367
6370
6373
6376
6379
6382
6385
6388
6391
6394
6397
6400
6403
6406
6409
6412
6415
6418
6421
6424
6427
6430
6433
6436
6439
6442
6445
6448
6451
6454
6457
6460
6462
6465
6468
6471
6474
6477
6480
6483
6486
6489
6492
6495
6498
6501
6504
6507
6510
6513
6516
6519
6522
6525
6528
6531
6534
6537
6540
6543
6546
6549
6552
6555
6558
6561
6564
6567
6570
6573
6576
6579
6582
6584
6587
6590
6593
6596
6599
6602
6605
6608
6611
6614
6617
6620
6623
6626
6629
6632
6635
6638
6641
6644
6647
6650
6653
6656
6659
6662
6665
6668
6671
6674
6677
6680
6683
6686
6689
6692
6695
6698
6701
6704
6706
6709
6712
6715
6718
6721
6724
6727
6730
6733
6736
6739
6742
6745
6748
6751
6754
6757
6760
6763
6766
6769
6772
6775
6778
6781
6784
6787
6790
6793
6796
6799
6802
6805
6808
6811
6814
6817
6820
6823
6826
6828
6831
6834
6837
6840
6843
6846
6849
6852
6855
6858
6861
6864
6867
6870
6873
6876
6879
6882
6885
6888
6891
6894
6897
6900
6903
6906
6909
6912
6915
6918
6921
6924
6927
6930
6933
6936
6939
6942
6945
6948
6950
6953
6956
6959
6962
6965
6968
6971
6974
6977
6980
6983
6986
6989
6992
6995
6998
7001
7004
7007
7010
7013
7016
7019
7022
7025
7028
7031
7034
7037
7040
7043
7046
7049
7052
7055
7058
7061
7064
7067
7070
7072
7075
7078
7081
7084
7087
7090
7093
7096
7099
7102
7105
7108
7111
7114
7117
7120
7123
7126
7129
7132
7135
7138
7141
7144
7147
7150
7153
7156
7159
7162
7165
7168
7171
7174
7177
7180
7183
7186
7189
7192
7194
7197
7200
7203
7206
7209
7212
7215
7218
7221
7224
7227
7230
7233
7236
7239
7242
7245
7248
7251
7254
7256
7259
7262
7265
7268
7271
7274
7277
7280
7283
7286
7289
7292
7295
7298
7301
7304
7307
7310
7313
7315
7318
7321
7324
7327
7330
7333
7336
7339
7342
7345
7348
7351
7354
7357
7360
7363
7366
7369
7372
7374
7377
7380
7383
7386
7389
7392
7395
7398
7401
7404
7407
7410
7413
7416
7419
7422
7425
7428
7431
7433
7436
7439
7442
7445
7448
7451
7454
7457
7460
7463
7466
7469
7472
7475
7478
7481
7484
7487
7490
7493
7496
7499
7502
7505
7508
7511
7514
7517
7520
7523
7526
7529
7532
7535
7538
7541
7544
7547
7550
7553
7555
7558
7561
7564
7567
7570
7573
7576
7579
7582
7585
7588
7591
7594
7597
7600
7603
7606
7609
7612
7615
7618
7621
7624
7627
7630
7633
7636
7639
7642
7645
7648
7651
7654
7657
7660
7663
7666
7669
7672
7675
7677
7680
7683
7686
7689
7692
7695
7698
7701
7704
7707
7710
7713
7716
7719
7722
7725
7728
7731
7734
7737
7740
7743
7746
7749
7752
7755
7758
7761
7764
7767
7770
7773
7776
7779
7782
7785
7788
7791
7794
7797
7799
7802
7805
7808
7811
7814
7817
7820
7823
7826
7829
7832
7835
7838
7841
7844
7847
7850
7853
7856
7859
7862
7865
7868
7871
7874
7877
7880
7883
7886
7889
7892
7895
7898
7901
7904
7907
7910
7913
7916
7919
7921
7924
7927
7930
7933
7936
7939
7942
7945
7948
7951
7954
7957
7960
7963
7966
7969
7972
7975
7978
7981
7984
7987
7990
7993
7996
7999
8002
8005
8008
8011
8014
8017
8020
8023
8026
8029
8032
8035
8038
8041
8043
8046
8049
8052
8055
8058
8061
8064
8067
8070
8073
8076
8079
8082
8085
8088
8091
8094
8097
8100
8103
8106
8109
8112
8115
8118
8121
8124
8127
8130
8133
8136
8139
8142
8145
8148
8151
8154
8157
8160
8163
8165
8168
8171
8174
8177
8180
8183
8186
8189
8192
8195
8198
8201
8204
8207
8210
8213
8216
8219
8222
8225
8228
8231
8234
8237
8240
8243
8246
8249
8252
8255
8258
8261
8264
8267
8270
8273
8276
8279
8282
8285
8287
8290
8293
8296
8299
8302
8305
8308
8311
8314
8317
8320
8323
8326
8329
8332
8335
8338
8341
8344
8347
8350
8353
8356
8359
8362
8365
8368
8371
8374
8377
8380
8383
8386
8389
8392
8395
8398
8401
8404
8407
8409
8412
8415
8418
8421
8424
8427
8430
8433
8436
8439
8442
8445
8448
8451
8454
8457
8460
8463
8466
8469
8472
8475
8478
8481
8484
8487
8490
8493
8496
8499
8502
8505
8508
8511
8514
8517
8520
8523
8526
8529
8531
8534
8537
8540
8543
8546
8549
8552
8555
8558
8561
8564
8567
8570
8573
8576
8579
8582
8585
8588
8591
8594
8597
8600
8603
8606
8609
8612
8615
8618
8621
8624
8627
8630
8633
8636
8639
8642
8645
8648
8651
8653
8656
8659
8662
8665
8668
8671
8674
8677
8680
8683
8686
8689
8692
8695
8698
8701
8704
8707
8710
8713
8716
8719
8722
8725
8728
8731
8734
8737
8740
8743
8746
8749
8752
8755
8758
8761
8764
8767
8770
8773
8775
8778
8781
8784
8787
8790
8793
8796
8799
8802
8805
8808
8811
8814
8817
8820
8823
8826
8829
8832
8835
8838
8841
8844
8847
8850
8853
8856
8859
8862
8865
8868
8871
8874
8877
8880
8883
8886
8889
8892
8895
8897
8900
8903
8906
8909
8912
8915
8918
8921
8924
8927
8930
8933
8936
8939
8942
8945
8948
8951
8954
8957
8960
8963
8966
8969
8972
8975
8978
8981
8984
8987
8990
8993
8996
8999
9002
9005
9008
9011
9014
9017
9019
9022
9025
9028
9031
9034
9037
9040
9043
9046
9049
9052
9055
9058
9061
9064
9067
9070
9073
9076
9079
9082
9085
9088
9091
9094
9097
9100
9103
9106
9109
9112
9115
9118
9121
9124
9127
9130
9133
9136
9139
9141
9144
9147
9150
9153
9156
9159
9162
9165
9168
9171
9174
9177
9180
9183
9186
9189
9192
9195
9198
9201
9204
9207
9210
9213
9216
9219
9222
9225
9228
9231
9234
9237
9240
9243
9246
9249
9252
9255
9258
9261
9263
9266
9269
9272
9275
9278
9281
9284
9287
9290
9293
9296
9299
9302
9305
9308
9311
9314
9317
9320
9323
9326
9329
9332
9335
9338
9341
9344
9347
9350
9353
9356
9359
9362
9365
9368
9371
9374
9377
9380
9383
9385
9388
9391
9394
9397
9400
9403
9406
9409
9412
9415
9418
9421
9424
9427
9430
9433
9436
9439
9442
9445
9448
9451
9454
9457
9460
9463
9466
9469
9472
9475
9478
9481
9484
9487
9490
9493
9496
9499
9502
9505
9507
9510
9513
9516
9519
9522
9525
9528
9531
9534
9537
9540
9543
9546
9549
9552
9555
9558
9561
9564
9567
9570
9573
9576
9579
9582
9585
9588
9591
9594
9597
9600
9603
9606
9609
9612
9615
9618
9621
9624
9627
9629
9632
9635
9638
9641
9644
9647
9650
9653
9656
9659
9662
9665
9668
9671
9674
9677
9680
9683
9686
9689
9692
9695
9698
9701
9704
9707
9710
9713
9716
9719
9722
9725
9728
9731
9734
9737
9740
9743
9746
9749
9751
9754
9757
9760
9763
9766
9769
9772
9775
9778
9781
9784
9787
9790
9793
9796
9799
9802
9805
9808
9811
9814
9817
9820
9823
9826
9829
9832
9835
9838
9841
9844
9847
9850
9853
9856
9859
9862
9865
9868
9871
9873
9876
9879
9882
9885
9888
9891
9894
9897
9900
9903
9906
9909
9912
9915
9918
9921
9924
9927
9930
9933
9936
9939
9942
9945
9948
9951
9954
9957
9960
9963
9966
9969
9972
9975
9978
9981
9984
9987
9990
9993
9995
9998
10001
10004
10007
10010
10013
10016
10019
10022
10025
10028
10031
10034
10037
10040
10043
10046
10049
10052
10055
10058
10061
10064
10067
10070
10073
10076
10079
10082
10085
10088
10091
10094
10097
10100
10103
10106
10109
10112
10115
10117
10120
10123
10126
10129
10132
10135
10138
10141
10144
10147
10150
10153
10156
10159
10162
10165
10168
10171
10174
10177
10180
10183
10186
10189
10192
10195
10198
10201
10204
10207
10210
10213
10216
10219
10222
10225
10228
10231
10234
10237
10239
10242
10245
10248
10251
10254
10257
10260
10263
10266
10269
10272
10275
10278
10281
10284
10287
10290
10293
10296
10299
10302
10305
10308
10311
10314
10317
10320
10323
10326
10329
10332
10335
10338
10341
10344
10347
10350
10353
10356
10359
10361
10364
10367
10370
10373
10376
10379
10382
10385
10388
10391
10394
10397
10400
10403
10406
10409
10412
10415
10418
10421
10424
10427
10430
10433
10436
10439
10442
10445
10448
10451
10454
10457
10460
10463
10466
10469
10472
10475
10478
10481
10483
10486
10489
10492
10495
10498
10501
10504
10507
10510
10513
10516
10519
10522
10525
10528
10531
10534
10537
10540
10543
10546
10549
10552
10555
10558
10561
10564
10567
10570
10573
10576
10579
10582
10585
10588
10591
10594
10597
10600
10603
10605
10608
10611
10614
10617
10620
10623
10626
10629
10632
10635
10638
10641
10644
10647
10650
10653
10656
10659
10662
10665
10668
10671
10674
10677
10680
10683
10686
10689
10692
10695
10698
10701
10704
10707
10710
10713
10716
10719
10722
10725
10727
10730
10733
10736
10739
10742
10745
10748
10751
10754
10757
10760
10763
10766
10769
10772
10775
10778
10781
10784
10787
10790
10793
10796
10799
10802
10805
10808
10811
10814
10817
10820
10823
10826
10829
10832
10835
10838
10841
10844
10847
10849
10852
10855
10858
10861
10864
10867
10870
10873
10876
10879
10882
10885
10888
10891
10894
10897
10900
10903
10906
10909
10912
10915
10918
10921
10924
10927
10930
10933
10936
10939
10942
10945
10948
10951
10954
10957
10960
10963
10966
10969
10971
10974
10977
10980
10983
10986
10989
10992
10995
10998
11001
11004
11007
11010
11013
11016
11019
11022
11025
11028
11031
11034
11037
11040
11043
11046
11049
11052
11055
11058
11061
11064
11067
11070
11073
11076
11079
11082
11085
11088
11091
11093
11096
11099
11102
11105
11108
11111
11114
11117
11120
11123
11126
11129
11132
11135
11138
11141
11144
11147
11150
11153
11156
11159
11162
11165
11168
11171
11174
11177
11180
11183
11186
11189
11192
11195
11198
11201
11204
11207
11210
11213
11215
11218
11221
11224
11227
11230
11233
11236
11239
11242
11245
11248
11251
11254
11257
11260
11263
11266
11269
11272
11275
11278
11281
11284
11287
11290
11293
11296
11299
11302
11305
11308
11311
11314
11317
11320
11323
11326
11329
11332
11335
11337
11340
11343
11346
11349
11352
11355
11358
11361
11364
11367
11370
11373
11376
11379
11382
11385
11388
11391
11394
11397
11400
11403
11406
11409
11412
11415
11418
11421
11424
11427
11430
11433
11436
11439
11442
11445
11448
11451
11454
11457
11459
11462
11465
11468
11471
11474
11477
11480
11483
11486
11489
11492
11495
11498
11501
11504
11507
11510
11513
11516
11519
11522
11525
11528
11531
11534
11537
11540
11543
11546
11549
11552
11555
11558
11561
11564
11567
11570
11573
11576
11579
11581
11584
11587
11590
11593
11596
11599
11602
11605
11608
11611
11614
11617
11620
11623
11626
11629
11632
11635
11638
11641
11644
11647
11650
11653
11656
11659
11662
11665
11668
11671
11674
11677
11680
11683
11686
11689
11692
11695
11698
11701
11703
11706
11709
11712
11715
11718
11721
11724
11727
11730
11733
11736
11739
11742
11745
11748
11751
11754
11757
11760
11763
11766
11769
11772
11775
11778
11781
11784
11787
11790
11793
11796
11799
11802
11805
11808
11811
11814
11817
11820
11823
11825
11828
11831
11834
11837
11840
11843
11846
11849
11852
11855
11858
11861
11864
11867
11870
11873
11876
11879
11882
11885
11888
11891
11894
11897
11900
11903
11906
11909
11912
11915
11918
11921
11924
11927
11930
11933
11936
11939
11942
11945
11947
11950
11953
11956
11959
11962
11965
11968
11971
11974
11977
11980
11983
11986
11989
11992
11995
11998
12001
12004
12007
12010
12013
12016
12019
12022
12025
12028
12031
12034
12037
12040
12043
12046
12049
12052
12055
12058
12061
12064
12067
12069
12072
12075
12078
12081
12084
12087
12090
12093
12096
12099
12102
12105
12108
12111
12114
12117
12120
12123
12126
12129
12131
12134
12137
12140
12143
12146
12149
12152
12155
12158
12161
12164
12167
12170
12173
12176
12179
12182
12185
12188
12190
12193
12196
12199
12202
12205
12208
12211
12214
12217
12220
12223
12226
12229
12232
12235
12238
12241
12244
12247
12249
12252
12255
12258
12261
12264
12267
12270
12273
12276
12279
12282
12285
12288
12291
12294
12297
12300
12303
12306
12308
12311
12314
12317
12320
12323
12326
12329
12332
12335
12338
12341
12344
12347
12350
12353
12356
12359
12362
12365
12368
12371
12374
12377
12380
12383
12386
12389
12392
12395
12398
12401
12404
12407
12410
12413
12416
12419
12422
12425
12428
12430
12433
12436
12439
12442
12445
12448
12451
12454
12457
12460
12463
12466
12469
12472
12475
12478
12481
12484
12487
12490
12493
12496
12499
12502
12505
12508
12511
12514
12517
12520
12523
12526
12529
12532
12535
12538
12541
12544
12547
12550
12552
12555
12558
12561
12564
12567
12570
12573
12576
12579
12582
12585
12588
12591
12594
12597
12600
12603
12606
12609
12612
12615
12618
12621
12624
12627
12630
12633
12636
12639
12642
12645
12648
12651
12654
12657
12660
12663
12666
12669
12672
12674
12677
12680
12683
12686
12689
12692
12695
12698
12701
12704
12707
12710
12713
12716
12719
12722
12725
12728
12731
12734
12737
12740
12743
12746
12749
12752
12755
12758
12761
12764
12767
12770
12773
12776
12779
12782
12785
12788
12791
12794
12796
12799
12802
12805
12808
12811
12814
12817
12820
12823
12826
12829
12832
12835
12838
12841
12844
12847
12850
12853
12856
12859
12862
12865
12868
12871
12874
12877
12880
12883
12886
12889
12892
12895
12898
12901
12904
12907
12910
12913
12916
12918
12921
12924
12927
12930
12933
12936
12939
12942
12945
12948
12951
12954
12957
12960
12963
12966
12969
12972
12975
12978
12981
12984
12987
12990
12993
12996
12999
13002
13005
13008
13011
13014
13017
13020
13023
13026
13029
13032
13035
13038
13040
13043
13046
13049
13052
13055
13058
13061
13064
13067
13070
13073
13076
13079
13082
13085
13088
13091
13094
13097
13100
13103
13106
13109
13112
13115
13118
13121
13124
13127
13130
13133
13136
13139
13142
13145
13148
13151
13154
13157
13160
13162
13165
13168
13171
13174
13177
13180
13183
13186
13189
13192
13195
13198
13201
13204
13207
13210
13213
13216
13219
13222
13225
13228
13231
13234
13237
13240
13243
13246
13249
13252
13255
13258
13261
13264
13267
13270
13273
13276
13279
13282
13284
13287
13290
13293
13296
13299
13302
13305
13308
13311
13314
13317
13320
13323
13326
13329
13332
13335
13338
13341
13344
13347
13350
13353
13356
13359
13362
13365
13368
13371
13374
13377
13380
13383
13386
13389
13392
13395
13398
13401
13404
13406
13409
13412
13415
13418
13421
13424
13427
13430
13433
13436
13439
13442
13445
13448
13451
13454
13457
13460
13463
13466
13469
13472
13475
13478
13481
13484
13487
13490
13493
13496
13499
13502
13505
13508
13511
13514
13517
13520
13523
13526
13528
13531
13534
13537
13540
13543
13546
13549
13552
13555
13558
13561
13564
13567
13570
13573
13576
13579
13582
13585
13588
13591
13594
13597
13600
13603
13606
13609
13612
13615
13618
13621
13624
13627
13630
13633
13636
13639
13642
13645
13648
13650
13653
13656
13659
13662
13665
13668
13671
13674
13677
13680
13683
13686
13689
13692
13695
13698
13701
13704
13707
13710
13713
13716
13719
13722
13725
13728
13731
13734
13737
13740
13743
13746
13749
13752
13755
13758
13761
13764
13767
13770
13772
13775
13778
13781
13784
13787
13790
13793
13796
13799
13802
13805
13808
13811
13814
13817
13820
13823
13826
13829
13832
13835
13838
13841
13844
13847
13850
13853
13856
13859
13862
13865
13868
13871
13874
13877
13880
13883
13886
13889
13892
13894
13897
13900
13903
13906
13909
13912
13915
13918
13921
13924
13927
13930
13933
13936
13939
13942
13945
13948
13951
13954
13957
13960
13963
13966
13969
13972
13975
13978
13981
13984
13987
13990
13993
13996
13999
14002
14005
14008
14011
14014
14016
14019
14022
14025
14028
14031
14034
14037
14040
14043
14046
14049
14052
14055
14058
14061
14064
14067
14070
14073
14076
14079
14082
14085
14088
14091
14094
14097
14100
14103
14106
14109
14112
14115
14118
14121
14124
14127
14130
14133
14136
14138
14141
14144
14147
14150
14153
14156
14159
14162
14165
14168
14171
14174
14177
14180
14183
14186
14189
14192
14195
14198
14201
14204
14207
14210
14213
14216
14219
14222
14225
14228
14231
14234
14237
14240
14243
14246
14249
14252
14255
14258
14260
14263
14266
14269
14272
14275
14278
14281
14284
14287
14290
14293
14296
14299
14302
14305
14308
14311
14314
14317
14320
14323
14326
14329
14332
14335
14338
14341
14344
14347
14350
14353
14356
14359
14362
14365
14368
14371
14374
14377
14380
14382
14385
14388
14391
14394
14397
14400
14403
14406
14409
14412
14415
14418
14421
14424
14427
14430
14433
14436
14439
14442
14445
14448
14451
14454
14457
14460
14463
14466
14469
14472
14475
14478
14481
14484
14487
14490
14493
14496
14499
14502
14504
14507
14510
14513
14516
14519
14522
14525
14528
14531
14534
14537
14540
14543
14546
14549
14552
14555
14558
14561
14564
14567
14570
14573
14576
14579
14582
14585
14588
14591
14594
14597
14600
14603
14606
14609
14612
14615
14618
14621
14624
14626
14629
14632
14635
14638
14641
14644
14647
14650
14653
14656
14659
14662
14665
14668
14671
14674
14677
14680
14683
14686
14689
14692
14695
14698
14701
14704
14707
14710
14713
14716
14719
14722
14725
14728
14731
14734
14737
14740
14743
14746
14748
14751
14754
14757
14760
14763
14766
14769
14772
14775
14778
14781
14784
14787
14790
14793
14796
14799
14802
14805
14808
14811
14814
14817
14820
14823
14826
14829
14832
14835
14838
14841
14844
14847
14850
14853
14856
14859
14862
14865
14868
14870
14873
14876
14879
14882
14885
14888
14891
14894
14897
14900
14903
14906
14909
14912
14915
14918
14921
14924
14927
14930
14933
14936
14939
14942
14945
14948
14951
14954
14957
14960
14963
14966
14969
14972
14975
14978
14981
14984
14987
14990
14992
14995
14998
15001
15004
15007
15010
15013
15016
15019
15022
15025
15028
15031
15034
15037
15040
15043
15046
15049
15052
15055
15058
15061
15064
15067
15070
15073
15076
15079
15082
15085
15088
15091
15094
15097
15100
15103
15106
15109
15112
15114
15117
15120
15123
15126
15129
15132
15135
15138
15141
15144
15147
15150
15153
15156
15159
15162
15165
15168
15171
15174
15177
15180
15183
15186
15189
15192
15195
15198
15201
15204
15207
15210
15213
15216
15219
15222
15225
15228
15231
15234
15236
15239
15242
15245
15248
15251
15254
15257
15260
15263
15266
15269
15272
15275
15278
15281
15284
15287
15290
15293
15296
15299
15302
15305
15308
15311
15314
15317
15320
15323
15326
15329
15332
15335
15338
15341
15344
15347
15350
15353
15356
15358
15361
15364
15367
15370
15373
15376
15379
15382
15385
15388
15391
15394
15397
15400
15403
15406
15409
15412
15415
15418
15421
15424
15427
15430
15433
15436
15439
15442
15445
15448
15451
15454
15457
15460
15463
15466
15469
15472
15475
15478
15480
15483
15486
15489
15492
15495
15498
15501
15504
15507
15510
15513
15516
15519
15522
15525
15528
15531
15534
15537
15540
15543
15546
15549
15552
15555
15558
15561
15564
15567
15570
15573
15576
15579
15582
15585
15588
15591
15594
15597
15600
15602
15605
15608
15611
15614
15617
15620
15623
15626
15629
15632
15635
15638
15641
15644
15647
15650
15653
15656
15659
15662
15665
15668
15671
15674
15677
15680
15683
15686
15689
15692
15695
15698
15701
15704
15707
15710
15713
15716
15719
15722
15724
15727
15730
15733
15736
15739
15742
15745
15748
15751
15754
15757
15760
15763
15766
15769
15772
15775
15778
15781
15784
15787
15790
15793
15796
15799
15802
15805
15808
15811
15814
15817
15820
15823
15826
15829
15832
15835
15838
15841
15844
15846
15849
15852
15855
15858
15861
15864
15867
15870
15873
15876
15879
15882
15885
15888
15891
15894
15897
15900
15903
15906
15909
15912
15915
15918
15921
15924
15927
15930
15933
15936
15939
15942
15945
15948
15951
15954
15957
15960
15963
15966
15968
15971
15974
15977
15980
15983
15986
15989
15992
15995
15998
16001
16004
16007
16010
16013
16016
16019
16022
16025
16028
16031
16034
16037
16040
16043
16046
16049
16052
16055
16058
16061
16064
16067
16070
16073
16076
16079
16082
16085
16088
16090
16093
16096
16099
16102
16105
16108
16111
16114
16117
16120
16123
16126
16129
16132
16135
16138
16141
16144
16147
16150
16153
16156
16159
16162
16165
16168
16171
16174
16177
16180
16183
16186
16189
16192
16195
16198
16201
16204
16207
16210
16212
16215
16218
16221
16224
16227
16230
16233
16236
16239
16242
16245
16248
16251
16254
16257
16260
16263
16266
16269
16272
16275
16278
16281
16284
16287
16290
16293
16296
16299
16302
16305
16308
16311
16314
16317
16320
16323
16326
16329
16332
16334
16337
16340
16343
16346
16349
16352
16355
16358
16361
16364
16367
16370
16373
16376
16379
16382
16385
16388
16391
16394
16397
16400
16403
16406
16409
16412
16415
16418
16421
16424
16427
16430
16433
16436
16439
16442
16445
16448
16451
16454
16456
16459
16462
16465
16468
16471
16474
16477
16480
16483
16486
16489
16492
16495
16498
16501
16504
16507
16510
16513
16516
16519
16522
16525
16528
16531
16534
16537
16540
16543
16546
16549
16552
16555
16558
16561
16564
16567
16570
16573
16576
16578
16581
16584
16587
16590
16593
16596
16599
16602
16605
16608
16611
16614
16617
16620
16623
16626
16629
16632
16635
16638
16641
16644
16647
16650
16653
16656
16659
16662
16665
16668
16671
16674
16677
16680
16683
16686
16689
16692
16695
16698
16700
16703
16706
16709
16712
16715
16718
16721
16724
16727
16730
16733
16736
16739
16742
16745
16748
16751
16754
16757
16760
16763
16766
16769
16772
16775
16778
16781
16784
16787
16790
16793
16796
16799
16802
16805
16808
16811
16814
16817
16820
16822
16825
16828
16831
16834
16837
16840
16843
16846
16849
16852
16855
16858
16861
16864
16867
16870
16873
16876
16879
16882
16885
16888
16891
16894
16897
16900
16903
16906
16909
16912
16915
16918
16921
16924
16927
16930
16933
16936
16939
16942
16944
16947
16950
16953
16956
16959
16962
16965
16968
16971
16974
16977
16980
16983
16986
16989
16992
16995
16998
17001
17004
17006
17009
17012
17015
17018
17021
17024
17027
17030
17033
17036
17039
17042
17045
17048
17051
17054
17057
17060
17063
17065
17068
17071
17074
17077
17080
17083
17086
17089
17092
17095
17098
17101
17104
17107
17110
17113
17116
17119
17122
17124
17127
17130
17133
17136
17139
17142
17145
17148
17151
17154
17157
17160
17163
17166
17169
17172
17175
17178
17181
17183
17186
17189
17192
17195
17198
17201
17204
17207
17210
17213
17216
17219
17222
17225
17228
17231
17234
17237
17240
17243
17246
17249
17252
17255
17258
17261
17264
17267
17270
17273
17276
17279
17282
17285
17288
17291
17294
17297
17300
17303
17305
17308
17311
17314
17317
17320
17323
17326
17329
17332
17335
17338
17341
17344
17347
17350
17353
17356
17359
17362
17365
17368
17371
17374
17377
17380
17383
17386
17389
17392
17395
17398
17401
17404
17407
17410
17413
17416
17419
17422
17425
17427
17430
17433
17436
17439
17442
17445
17448
17451
17454
17457
17460
17463
17466
17469
17472
17475
17478
17481
17484
17487
17490
17493
17496
17499
17502
17505
17508
17511
17514
17517
17520
17523
17526
17529
17532
17535
17538
17541
17544
17547
17549
17552
17555
17558
17561
17564
17567
17570
17573
17576
17579
17582
17585
17588
17591
17594
17597
17600
17603
17606
17609
17612
17615
17618
17621
17624
17627
17630
17633
17636
17639
17642
17645
17648
17651
17654
17657
17660
17663
17666
17669
17671
17674
17677
17680
17683
17686
17689
17692
17695
17698
17701
17704
17707
17710
17713
17716
17719
17722
17725
17728
17731
17734
17737
17740
17743
17746
17749
17752
17755
17758
17761
17764
17767
17770
17773
17776
17779
17782
17785
17788
17791
17793
17796
17799
17802
17805
17808
17811
17814
17817
17820
17823
17826
17829
17832
17835
17838
17841
17844
17847
17850
17853
17856
17859
17862
17865
17868
17871
17874
17877
17880
17883
17886
17889
17892
17895
17898
17901
17904
17907
17910
17913
17915
17918
17921
17924
17927
17930
17933
17936
17939
17942
17945
17948
17951
17954
17957
17960
17963
17966
17969
17972
17975
17978
17981
17984
17987
17990
17993
17996
17999
18002
18005
18008
18011
18014
18017
18020
18023
18026
18029
18032
18035
18037
18040
18043
18046
18049
18052
18055
18058
18061
18064
18067
18070
18073
18076
18079
18082
18085
18088
18091
18094
18097
18100
18103
18106
18109
18112
18115
18118
18121
18124
18127
18130
18133
18136
18139
18142
18145
18148
18151
18154
18157
18159
18162
18165
18168
18171
18174
18177
18180
18183
18186
18189
18192
18195
18198
18201
18204
18207
18210
18213
18216
18219
18222
18225
18228
18231
18234
18237
18240
18243
18246
18249
18252
18255
18258
18261
18264
18267
18270
18273
18276
18279
18281
18284
18287
18290
18293
18296
18299
18302
18305
18308
18311
18314
18317
18320
18323
18326
18329
18332
18335
18338
18341
18344
18347
18350
18353
18356
18359
18362
18365
18368
18371
18374
18377
18380
18383
18386
18389
18392
18395
18398
18401
18403
18406
18409
18412
18415
18418
18421
18424
18427
18430
18433
18436
18439
18442
18445
18448
18451
18454
18457
18460
18463
18466
18469
18472
18475
18478
18481
18484
18487
18490
18493
18496
18499
18502
18505
18508
18511
18514
18517
18520
18523
18525
18528
18531
18534
18537
18540
18543
18546
18549
18552
18555
18558
18561
18564
18567
18570
18573
18576
18579
18582
18585
18588
18591
18594
18597
18600
18603
18606
18609
18612
18615
18618
18621
18624
18627
18630
18633
18636
18639
18642
18645
18647
18650
18653
18656
18659
18662
18665
18668
18671
18674
18677
18680
18683
18686
18689
18692
18695
18698
18701
18704
18707
18710
18713
18716
18719
18722
18725
18728
18731
18734
18737
18740
18743
18746
18749
18752
18755
18758
18761
18764
18767
18769
18772
18775
18778
18781
18784
18787
18790
18793
18796
18799
18802
18805
18808
18811
18814
18817
18820
18823
18826
18829
18832
18835
18838
18841
18844
18847
18850
18853
18856
18859
18862
18865
18868
18871
18874
18877
18880
18883
18886
18889
18891
18894
18897
18900
18903
18906
18909
18912
18915
18918
18921
18924
18927
18930
18933
18936
18939
18942
18945
18948
18951
18954
18957
18960
18963
18966
18969
18972
18975
18978
18981
18984
18987
18990
18993
18996
18999
19002
19005
19008
19011
19013
19016
19019
19022
19025
19028
19031
19034
19037
19040
19043
19046
19049
19052
19055
19058
19061
19064
19067
19070
19073
19076
19079
19082
19085
19088
19091
19094
19097
19100
19103
19106
19109
19112
19115
19118
19121
19124
19127
19130
19133
19135
19138
19141
19144
19147
19150
19153
19156
19159
19162
19165
19168
19171
19174
19177
19180
19183
19186
19189
19192
19195
19198
19201
19204
19207
19210
19213
19216
19219
19222
19225
19228
19231
19234
19237
19240
19243
19246
19249
19252
19255
19257
19260
19263
19266
19269
19272
19275
19278
19281
19284
19287
19290
19293
19296
19299
19302
19305
19308
19311
19314
19317
19320
19323
19326
19329
19332
19335
19338
19341
19344
19347
19350
19353
19356
19359
19362
19365
19368
19371
19374
19377
19379
19382
19385
19388
19391
19394
19397
19400
19403
19406
19409
19412
19415
19418
19421
19424
19427
19430
19433
19436
19439
19442
19445
19448
19451
19454
19457
19460
19463
19466
19469
19472
19475
19478
19481
19484
19487
19490
19493
19496
19499
19501
19504
19507
19510
19513
19516
19519
19522
19525
19528
19531
19534
19537
19540
19543
19546
19549
19552
19555
19558
19561
19564
19567
19570
19573
19576
19579
19582
19585
19588
19591
19594
19597
19600
19603
19606
19609
19612
19615
19618
19621
19623
19626
19629
19632
19635
19638
19641
19644
19647
19650
19653
19656
19659
19662
19665
19668
19671
19674
19677
19680
19683
19686
19689
19692
19695
19698
19701
19704
19707
19710
19713
19716
19719
19722
19725
19728
19731
19734
19737
19740
19743
19745
19748
19751
19754
19757
19760
19763
19766
19769
19772
19775
19778
19781
19784
19787
19790
19793
19796
19799
19802
19805
19808
19811
19814
19817
19820
19823
19826
19829
19832
19835
19838
19841
19844
19847
19850
19853
19856
19859
19862
19865
19867
19870
19873
19876
19879
19882
19885
19888
19891
19894
19897
19900
19903
19906
19909
19912
19915
19918
19921
19924
19927
19930
19933
19936
19939
19942
19945
19948
19951
19954
19957
19960
19963
19966
19969
19972
19975
19978
19981
19984
19987
19989
19992
19995
19998
20001
20004
20007
20010
20013
20016
20019
20022
20025
20028
20031
20034
20037
20040
20043
20046
20049
20052
20055
20058
20061
20064
20067
20070
20073
20076
20079
20082
20085
20088
20091
20094
20097
20100
20103
20106
20109
20111
20114
20117
20120
20123
20126
20129
20132
20135
20138
20141
20144
20147
20150
20153
20156
20159
20162
20165
20168
20171
20174
20177
20180
20183
20186
20189
20192
20195
20198
20201
20204
20207
20210
20213
20216
20219
20222
20225
20228
20231
20233
20236
20239
20242
20245
20248
20251
20254
20257
20260
20263
20266
20269
20272
20275
20278
20281
20284
20287
20290
20293
20296
20299
20302
20305
20308
20311
20314
20317
20320
20323
20326
20329
20332
20335
20338
20341
20344
20347
20350
20353
20355
20358
20361
20364
20367
20370
20373
20376
20379
20382
20385
20388
20391
20394
20397
20400
20403
20406
20409
20412
20415
20418
20421
20424
20427
20430
20433
20436
20439
20442
20445
20448
20451
20454
20457
20460
20463
20466
20469
20472
20475
20477
20480
20483
20486
20489
20492
20495
20498
20501
20504
20507
20510
20513
20516
20519
20522
20525
20528
20531
20534
20537
20540
20543
20546
20549
20552
20555
20558
20561
20564
20567
20570
20573
20576
20579
20582
20585
20588
20591
20594
20597
20599
20602
20605
20608
20611
20614
20617
20620
20623
20626
20629
20632
20635
20638
20641
20644
20647
20650
20653
20656
20659
20662
20665
20668
20671
20674
20677
20680
20683
20686
20689
20692
20695
20698
20701
20704
20707
20710
20713
20716
20719
20721
20724
20727
20730
20733
20736
20739
20742
20745
20748
20751
20754
20757
20760
20763
20766
20769
20772
20775
20778
20781
20784
20787
20790
20793
20796
20799
20802
20805
20808
20811
20814
20817
20820
20823
20826
20829
20832
20835
20838
20841
20843
20846
20849
20852
20855
20858
20861
20864
20867
20870
20873
20876
20879
20882
20885
20888
20891
20894
20897
20900
20903
20906
20909
20912
20915
20918
20921
20924
20927
20930
20933
20936
20939
20942
20945
20948
20951
20954
20957
20960
20963
20965
20968
20971
20974
20977
20980
20983
20986
20989
20992
20995
20998
21001
21004
21007
21010
21013
21016
21019
21022
21025
21028
21031
21034
21037
21040
21043
21046
21049
21052
21055
21058
21061
21064
21067
21070
21073
21076
21079
21082
21085
21087
21090
21093
21096
21099
21102
21105
21108
21111
21114
21117
21120
21123
21126
21129
21132
21135
21138
21141
21144
21147
21150
21153
21156
21159
21162
21165
21168
21171
21174
21177
21180
21183
21186
21189
21192
21195
21198
21201
21204
21207
21209
21212
21215
21218
21221
21224
21227
21230
21233
21236
21239
21242
21245
21248
21251
21254
21257
21260
21263
21266
21269
21272
21275
21278
21281
21284
21287
21290
21293
21296
21299
21302
21305
21308
21311
21314
21317
21320
21323
21326
21329
21331
21334
21337
21340
21343
21346
21349
21352
21355
21358
21361
21364
21367
21370
21373
21376
21379
21382
21385
21388
21391
21394
21397
21400
21403
21406
21409
21412
21415
21418
21421
21424
21427
21430
21433
21436
21439
21442
21445
21448
21451
21453
21456
21459
21462
21465
21468
21471
21474
21477
21480
21483
21486
21489
21492
21495
21498
21501
21504
21507
21510
21513
21516
21519
21522
21525
21528
21531
21534
21537
21540
21543
21546
21549
21552
21555
21558
21561
21564
21567
21570
21573
21575
21578
21581
21584
21587
21590
21593
21596
21599
21602
21605
21608
21611
21614
21617
21620
21623
21626
21629
21632
21635
21638
21641
21644
21647
21650
21653
21656
21659
21662
21665
21668
21671
21674
21677
21680
21683
21686
21689
21692
21695
21697
21700
21703
21706
21709
21712
21715
21718
21721
21724
21727
21730
21733
21736
21739
21742
21745
21748
21751
21754
21757
21760
21763
21766
21769
21772
21775
21778
21781
21784
21787
21790
21793
21796
21799
21802
21805
21808
21811
21814
21817
21819
21822
21825
21828
21831
21834
21837
21840
21843
21846
21849
21852
21855
21858
21861
21864
21867
21870
21873
21876
21879
21881
21884
21887
21890
21893
21896
21899
21902
21905
21908
21911
21914
21917
21920
21923
21926
21929
21932
21935
21938
21940
21943
21946
21949
21952
21955
21958
21961
21964
21967
21970
21973
21976
21979
21982
21985
21988
21991
21994
21997
21999
22002
22005
22008
22011
22014
22017
22020
22023
22026
22029
22032
22035
22038
22041
22044
22047
22050
22053
22056
22058
22061
22064
22067
22070
22073
22076
22079
22082
22085
22088
22091
22094
22097
22100
22103
22106
22109
22112
22115
22118
22121
22124
22127
22130
22133
22136
22139
22142
22145
22148
22151
22154
22157
22160
22163
22166
22169
22172
22175
22178
22180
22183
22186
22189
22192
22195
22198
22201
22204
22207
22210
22213
22216
22219
22222
22225
22228
22231
22234
22237
22240
22243
22246
22249
22252
22255
22258
22261
22264
22267
22270
22273
22276
22279
22282
22285
22288
22291
22294
22297
22300
22302
22305
22308
22311
22314
22317
22320
22323
22326
22329
22332
22335
22338
22341
22344
22347
22350
22353
22356
22359
22362
22365
22368
22371
22374
22377
22380
22383
22386
22389
22392
22395
22398
22401
22404
22407
22410
22413
22416
22419
22422
22424
22427
22430
22433
22436
22439
22442
22445
22448
22451
22454
22457
22460
22463
22466
22469
22472
22475
22478
22481
22484
22487
22490
22493
22496
22499
22502
22505
22508
22511
22514
22517
22520
22523
22526
22529
22532
22535
22538
22541
22544
22546
22549
22552
22555
22558
22561
22564
22567
22570
22573
22576
22579
22582
22585
22588
22591
22594
22597
22600
22603
22606
22609
22612
22615
22618
22621
22624
22627
22630
22633
22636
22639
22642
22645
22648
22651
22654
22657
22660
22663
22666
22668
22671
22674
22677
22680
22683
22686
22689
22692
22695
22698
22701
22704
22707
22710
22713
22716
22719
22722
22725
22728
22731
22734
22737
22740
22743
22746
22749
22752
22755
22758
22761
22764
22767
22770
22773
22776
22779
22782
22785
22788
22790
22793
22796
22799
22802
22805
22808
22811
22814
22817
22820
22823
22826
22829
22832
22835
22838
22841
22844
22847
22850
22853
22856
22859
22862
22865
22868
22871
22874
22877
22880
22883
22886
22889
22892
22895
22898
22901
22904
22907
22910
22912
22915
22918
22921
22924
22927
22930
22933
22936
22939
22942
22945
22948
22951
22954
22957
22960
22963
22966
22969
22972
22975
22978
22981
22984
22987
22990
22993
22996
22999
23002
23005
23008
23011
23014
23017
23020
23023
23026
23029
23032
23034
23037
23040
23043
23046
23049
23052
23055
23058
23061
23064
23067
23070
23073
23076
23079
23082
23085
23088
23091
23094
23097
23100
23103
23106
23109
23112
23115
23118
23121
23124
23127
23130
23133
23136
23139
23142
23145
23148
23151
23154
23156
23159
23162
23165
23168
23171
23174
23177
23180
23183
23186
23189
23192
23195
23198
23201
23204
23207
23210
23213
23216
23219
23222
23225
23228
23231
23234
23237
23240
23243
23246
23249
23252
23255
23258
23261
23264
23267
23270
23273
23276
23278
23281
23284
23287
23290
23293
23296
23299
23302
23305
23308
23311
23314
23317
23320
23323
23326
23329
23332
23335
23338
23341
23344
23347
23350
23353
23356
23359
23362
23365
23368
23371
23374
23377
23380
23383
23386
23389
23392
23395
23398
23400
23403
23406
23409
23412
23415
23418
23421
23424
23427
23430
23433
23436
23439
23442
23445
23448
23451
23454
23457
23460
23463
23466
23469
23472
23475
23478
23481
23484
23487
23490
23493
23496
23499
23502
23505
23508
23511
23514
23517
23520
23522
23525
23528
23531
23534
23537
23540
23543
23546
23549
23552
23555
23558
23561
23564
23567
23570
23573
23576
23579
23582
23585
23588
23591
23594
23597
23600
23603
23606
23609
23612
23615
23618
23621
23624
23627
23630
23633
23636
23639
23642
23644
23647
23650
23653
23656
23659
23662
23665
23668
23671
23674
23677
23680
23683
23686
23689
23692
23695
23698
23701
23704
23707
23710
23713
23716
23719
23722
23725
23728
23731
23734
23737
23740
23743
23746
23749
23752
23755
23758
23761
23764
23766
23769
23772
23775
23778
23781
23784
23787
23790
23793
23796
23799
23802
23805
23808
23811
23814
23817
23820
23823
23826
23829
23832
23835
23838
23841
23844
23847
23850
23853
23856
23859
23862
23865
23868
23871
23874
23877
23880
23883
23886
23888
23891
23894
23897
23900
23903
23906
23909
23912
23915
23918
23921
23924
23927
23930
23933
23936
23939
23942
23945
23948
23951
23954
23957
23960
23963
23966
23969
23972
23975
23978
23981
23984
23987
23990
23993
23996
23999
24002
24005
24008
24010
24013
24016
24019
24022
24025
24028
24031
24034
24037
24040
24043
24046
24049
24052
24055
24058
24061
24064
24067
24070
24073
24076
24079
24082
24085
24088
24091
24094
24097
24100
24103
24106
24109
24112
24115
24118
24121
24124
24127
24130
24132
24135
24138
24141
24144
24147
24150
24153
24156
24159
24162
24165
24168
24171
24174
24177
24180
24183
24186
24189
24192
24195
24198
24201
24204
24207
24210
24213
24216
24219
24222
24225
24228
24231
24234
24237
24240
24243
24246
24249
24252
24254
24257
24260
24263
24266
24269
24272
24275
24278
24281
24284
24287
24290
24293
24296
24299
24302
24305
24308
24311
24314
24317
24320
24323
24326
24329
24332
24335
24338
24341
24344
24347
24350
24353
24356
24359
24362
24365
24368
24371
24374
24376
24378
24380
24382
24384
24386
24388
24390
24392
24394
24396
24398
24400
24402
24404
24406
24408
24410
24412
24414
24416
24418
24420
24422
24424
24426
24428
24430
24432
24434
24436
24438
24440
24442
24444
24446
24448
24450
24452
24454
24456
24457
